00110000
11111010
00000000
00000000
00000000
00000000
00000000
00000000
00000000
00000000
00110000
11111011
00000001
00000000
00000000
00000000
00000000
00000000
00000000
00000000
00110000
11110001
00001011
00000000
00000000
00000000
00000000
00000000
00000000
00000000
00110000
11111000
00001000
00000000
00000000
00000000
00000000
00000000
00000000
00000000
00110000
11111001
11111111
11111111
11111111
11111111
11111111
11111111
11111111
11111111
00110000
11110011
00000100
00000000
00000000
00000000
00000000
00000000
00000000
00000000
01000000
10100011
00000000
00000000
00000000
00000000
00000000
00000000
00000000
00000000
01000000
10110011
00001000
00000000
00000000
00000000
00000000
00000000
00000000
00000000
01010000
00000011
00000000
00000000
00000000
00000000
00000000
00000000
00000000
00000000
01010000
00100011
00001000
00000000
00000000
00000000
00000000
00000000
00000000
00000000
01100000
00100000
01100000
10000011
01000000
00000011
00001000
00000000
00000000
00000000
00000000
00000000
00000000
00000000
01100000
10010001
01110100
01010000
00000000
00000000
00000000
00000000
00000000
00000000
00000000
00000000

